CamerMatrix:  
 [[685.21253652   0.         320.53290816]
 [  0.         684.83546308 224.92986072] 
 [  0.           0.           1.        ]]

 Disotion:
 [[-7.81657334e-02 -1.23852873e-01  2.48986775e-04  3.15526778e-04
   6.93211572e-01]]

 rotaion Vector:
 [array([[-0.11001546],
       [ 0.36983597],
       [ 3.13065528]]), array([[-0.08290003],
       [ 0.36456685],
       [-3.08749435]]), array([[ 0.40579041],
       [ 1.36715259],
       [-2.86075554]]), array([[-0.07186821],
       [ 0.27393355],
       [ 1.46842296]]), array([[0.38861254],
       [0.08951331],
       [3.08443833]]), array([[ 0.45629917],
       [-0.62619347],
       [-1.51694252]]), array([[ 0.51489588],
       [-0.5981339 ],
       [-1.50090815]]), array([[-0.54442309],
       [ 0.46670293],
       [-1.46883676]]), array([[-0.17531647],
       [-0.07084286],
       [-0.05953979]]), array([[-0.19043709],
       [-0.64033715],
       [-0.04757963]]), array([[-0.23701143],
       [ 0.74609592],
       [-0.09310797]]), array([[-0.92740368],
       [-0.18590301],
       [-2.87415794]]), array([[-0.21893478],
       [-0.06346997],
       [-0.06879685]]), array([[-0.16950952],
       [-0.07030014],
       [ 0.24675872]]), array([[-0.16324402],
       [-0.0365545 ],
       [ 0.5588287 ]]), array([[ 0.4034347 ],
       [-0.5136354 ],
       [ 1.57928339]]), array([[ 0.02372588],
       [ 0.07158429],
       [-0.02008704]]), array([[ 9.31324644e-01],
       [-4.66892797e-04],
       [-2.88314757e+00]]), array([[-2.52083014e-03],
       [ 1.98988498e-01],
       [-3.08463943e+00]]), array([[-0.02172384],
       [-0.43793859],
       [ 2.94500981]]), array([[-0.13065229],
       [-0.011964  ],
       [ 1.54017564]]), array([[-0.15127943],
       [-0.10683334],
       [ 1.96264538]]), array([[-0.03981626],
       [-0.13832759],
       [ 2.77538895]]), array([[0.14164836],
       [0.31794447],
       [1.66205974]])]

 Translation:
 [array([[ 2.92008442],
       [ 4.09814101],
       [19.0436539 ]]), array([[ 3.52705664],
       [ 3.09120547],
       [15.56362811]]), array([[ 5.09225652],
       [ 0.17697982],
       [19.62599774]]), array([[ 6.07196114],
       [-3.90491125],
       [21.90960641]]), array([[ 3.92273394],
       [ 3.3432436 ],
       [18.57025876]]), array([[-2.28768537],
       [ 4.71441803],
       [18.12216123]]), array([[-2.36147144],
       [ 4.86381881],
       [17.87707768]]), array([[-3.24306696],
       [ 5.24937151],
       [19.68947927]]), array([[-3.17079411],
       [-1.0697707 ],
       [20.07175339]]), array([[-2.08698326],
       [-0.70558802],
       [15.63492891]]), array([[-3.22818325],
       [-1.20051006],
       [22.46458122]]), array([[ 1.24354614],
       [ 2.85653278],
       [16.18406106]]), array([[-3.79701012],
       [-2.05570003],
       [18.42475063]]), array([[-3.47641446],
       [-3.45758763],
       [18.85336101]]), array([[-1.96678427],
       [-4.21631877],
       [18.56053065]]), array([[ 2.82285609],
       [-2.73232412],
       [12.57432191]]), array([[-3.8850723 ],
       [-1.7212253 ],
       [16.95427809]]), array([[ 3.28547894],
       [ 3.42594817],
       [18.71348095]]), array([[ 4.27615427],
       [ 3.77619715],
       [14.88151934]]), array([[ 3.84929282],
       [ 2.27092307],
       [14.49633965]]), array([[ 2.45371888],
       [-4.00947474],
       [20.63084051]]), array([[ 3.27066507],
       [-2.75478195],
       [22.2280107 ]]), array([[ 3.842754  ],
       [ 0.49902443],
       [19.94027594]]), array([[ 5.73154896],
       [-4.76455836],
       [20.68221608]])]

 total_error: 0.032247385401226326

